0.4531780357272916 0.156739831187381 0.0 0.0 0.0 
0.0 0.0 0.31001575072243326 0.0 0.0 
0.27032629649953 0.0 0.0 0.0 0.0 
0.0 0.0 0.0 0.1117808965751336 0.0 
0.5984227782774616 0.21976531182835063 0.270565824373885 0.38687718225972856 0.0 
0.0 0.0 0.0 0.0 0.0 
0.5150471375269573 0.0 0.0 0.2623890198096262 0.0 
0.0 0.0 0.0 0.0 -0.96875 
0.39127734815383014 0.682039296291713 0.21835501435884266 0.3876891866522831 0.0 
0.245138335154804 0.7530091482957881 0.5789439273708099 0.29241038870626024 0.0 
0.6213448035535385 0.8805133819519542 0.40223510947235896 0.5652342390888163 0.0 
0.0 0.0 0.0 0.0 1.0 
