-0.9203840000000003 -0.9595065560331459 -1.1732009164800004 -0.9231365120000002 -1.1345294336
0.9871268028304521 3.504844163447994 -1.1030393856000003 -0.355931333989026 1.1404414453010336
3.61861115145705 60.78775010837977 -1.4482163965952002 5.489620305555238 0.9562253439287648
-0.4345558249236408 2.0887039081437457 1.8593715678218146 -0.7563801600000002 2.451866560305218
2.4385064797585336 3.9343731777820583 5.009142687577676 2.7217215333225977 2.1070293769455257
4.387549422060381 4.223734705553471 5.217802177910194 4.3180829886452194 4.32597024504038
5.389651317852596 5.441935762886199 5.635816607592412 5.4654096879233 5.023023240612677
1.9063253361167536 5.446056291096858 1.1972475851972575 -0.3678074421748784 -0.4714929395255357
-0.6962545733074936 -0.7818397802527695 -0.813104140840792 -0.8375432687698943 -0.6684800000000002
-1.638826335733075 -1.8428027683970338 -0.3298221592228103 -1.5549762162588838 -1.512677858496127
3.2013444896249013 0.19221802795259174 -0.38647549906065864 1.1936311861771645 0.29690901160129324
-3.166394782443 -3.2782399095843657 -3.0305987815862223 -3.162588542349584 -3.176205206972732
-2.3664674822272977 -2.4488683932140494 0.8214359677767181 -2.3038056449336164 -2.4406306031453124
2.522238173489383 -0.4558562954795161 3.1508175011567183 -0.55638602218265 -0.8278154452029011
12.41187094787981 19.014851041334754 21.891782207107607 10.531767399368468 10.148834860430643
26.724799367773834 26.734416232101225 28.75935472461628 26.37026206090541 25.8439182675499
26.849049165144486 27.537616352662845 25.764919121466765 27.503030373263755 27.807900447034157
35.53916154967128 25.75352417277894 23.863695033195814 23.587542243414582 35.34712939912968
25.207476210426087 50.28003343925468 94.4404427502498 14.616080939103387 33.9484727594067
123.44344576409271 91.73989780862047 148.35148118719127 83.13578624974872 124.91946157007433
173.29128019368778 132.8137459163492 135.384185759683 128.67838160647034 133.27094996970766
137.80433911675635 111.86007282943721 116.54636158522116 109.36993013824332 109.44319315047622
147.90044762406865 128.33219809415473 315.5041873865225 115.45072851090333 107.2132299457778
84.64270912508502 166.63495949335996 174.42592974320902 74.14316391133161 80.72637910536606
224.33959929981083 364.01191999776324 164.31939585800964 164.0836747946046 216.0779322859256
86.94180239361164 149.42508392706128 82.43253791510931 259.76573418385567 103.74972265412364
178.17851799220105 187.24031891339416 190.28869378401475 187.7217078541188 193.7783201797223
179.63173037486143 146.92137851645177 149.6759380579995 145.75126945912442 152.58088375097086
0.0 0.0 0.0 0.0 0.0
0.0 0.0 0.0 0.0 0.0
0.0 0.0 0.0 0.0 0.0
0.0 0.0 0.0 0.0 0.0
0.0 0.0 0.0 0.0 0.0
0.0 0.0 0.0 0.0 0.0
0.0 0.0 0.0 0.0 0.0
0.0 0.0 0.0 0.0 0.0
0.0 0.0 0.0 0.0 0.0
0.0 0.0 0.0 0.0 0.0
0.0 0.0 0.0 0.0 0.0
0.0 0.0 0.0 0.0 0.0
